For the split 70:30
 
 The weight W1 matrix after training is 
 :- [[-2.13799454  0.95816567  0.58259866 ... -2.03179662 -0.36057297
   1.17403512]
 [-0.85082051  0.1103017  -0.11346958 ... -2.06029813  1.26895738
  -2.13992149]
 [-0.31704805 -1.5744598  -3.59529122 ... -0.4954329   1.81973389
   0.45211171]
 ...
 [ 0.55237986  0.28343941 -1.83564552 ... -2.02981018 -0.68496484
  -1.02886448]
 [-0.06496889  0.14742343 -2.79368694 ... -2.17636266  0.56049415
   0.34827172]
 [ 0.41952713 -0.13237821 -0.47950675 ... -2.27082935 -2.13772088
  -1.53739464]] 
 
 The weight W2 matrix after training is 
 :- [[ 5.38035167  0.52334245 -0.17616557 ...  0.21031268 -1.44391715
  12.06802211]
 [ 4.45408896  0.1707638  -0.75656626 ...  0.73808838 -2.24517669
   9.65223463]
 [ 6.87506966  1.80446363  0.08145126 ... -0.90804414 -0.63759184
  11.76858735]
 ...
 [13.46337295  0.05444091 -1.90974975 ... -0.50564014 -3.24211321
  17.32591733]
 [ 7.38416576  2.75184261 -1.11434399 ...  0.75392039 -2.46073455
  14.79969551]
 [ 4.69668725 -0.13725294 -1.38335768 ... -1.41070131  0.0891516
   9.93283341]] 
 
 The weight W3 matrix after training is 
 :- [[ 0.71435745 -1.82084532  1.00405545 ...  1.07663335  0.75353742
  -3.94365028]
 [ 1.41820829 -2.4054445  -1.36471888 ... -0.92905864  0.43844923
  -0.24407038]
 [-0.51119621  0.44114687  3.52644092 ... -0.90760656  0.26193354
  -0.07422469]
 ...
 [-0.25826144  1.80184396 -1.25674717 ...  0.31199304  0.14803334
   1.71736887]
 [-1.41008242  0.83332854 -2.00480169 ... -1.56821318 -2.36924242
  -0.24474898]
 [ 2.17398932 -0.67963969 -0.54161928 ... -0.26606426  0.54790679
   0.55988302]] 
 
 The weight W4 matrix after training is 
 :- [[-0.26815218 -1.5813955   0.96651675 -0.48176783  0.1520637   1.64367309
   0.36071309 -0.30147382  1.63135671 -0.92735513]
 [ 0.47376084 -1.7089567  -0.87282237  1.30746714  0.88585596 -1.88716223
   0.03304149  0.75266651  1.68702385 -1.8162126 ]
 [-1.55350913 -0.80343663 -2.46864989 -0.35864415  0.10790299 -1.09093272
  -1.33296413  0.89138719  1.58207407  0.61584956]
 [ 0.88110665 -1.10944006  0.33092862 -0.0529053  -1.45350728 -1.58762663
   0.59015684 -1.54433851  2.88971025 -1.4193228 ]
 [ 2.46851698 -0.30538695  0.49461128  1.57232678 -0.25841543 -1.80513329
   0.04839926 -0.31794599 -0.61409726  0.08793916]
 [-0.62603223  0.81845718 -0.39520002 -0.10638222  0.95511936  0.14589188
  -0.31935172 -1.114457    1.08949793  0.07633108]
 [ 0.45068886  0.38327895 -0.32241908  1.03616775  1.90535638  0.62342982
   0.00918165 -1.19365516 -1.11308697 -0.02185824]
 [ 0.32411093 -0.90196221 -0.5657865  -1.02099666 -1.64632447 -0.19800568
  -1.46531442 -1.01070945 -0.79002324  0.70729111]
 [-0.5002923   1.54528401  0.59623021 -0.61507634  0.22120532 -2.75462904
   1.32492876  0.27496961  1.31201247 -0.77002885]
 [-0.33140842 -0.40151447 -0.16855258 -0.0912203  -2.20268334 -1.03138432
  -0.43809578  0.50321578 -0.15507937  0.98565743]
 [-1.16150515 -2.69944662 -0.41219256 -1.04095136 -0.89812653 -0.26110655
   0.96239179  1.01782518 -0.46284285  0.86828268]
 [-1.22218608 -2.26531259  0.88373     0.67720464 -0.79745497 -0.9775048
   0.5776809  -0.72255885 -0.11683219 -1.59057845]
 [ 1.77545265 -0.04170319  0.27210463  2.48895387  1.73045149 -0.9233957
   1.20490782  0.13750946  1.03467085 -1.78695207]
 [ 0.00678363  0.43289729  1.19696283  1.33116423  0.39609304 -0.4583901
  -0.94250162 -0.89213513  0.31560353  0.61107103]
 [ 1.86878557 -1.15449694  0.62600706 -0.98388183 -0.74571542  2.14404963
   0.70403241 -0.58526917  1.27417368 -0.49544548]
 [-0.04808622  1.66763867  1.46496926 -0.19090333  1.12513767  0.02781102
  -0.20277849 -0.90278743 -1.14358624  1.98639977]
 [ 1.528112    2.38671941 -0.45446496 -0.48887357 -1.13674563 -0.55722824
   0.15136348  0.53726632  0.22645558  0.30287871]
 [-0.55950241  0.34435222 -1.45236418 -1.13550194 -0.04381726  0.15902012
  -1.53514693  1.7997821  -0.84845045  0.16660727]
 [ 0.06678792 -0.8257554  -0.99063403  0.62046948  0.08549023  0.16372993
   0.70980028  0.48061709 -1.68959811  1.57842214]
 [ 0.13179926  0.04451823  0.04821928 -0.69863993 -1.17179721 -1.07484719
   0.15713601  0.49263909  0.3363448   1.963214  ]
 [-0.56945308  0.20251245 -0.71182163  1.61573183 -0.99086653 -0.04386354
  -0.90273994  0.49249608  0.34526795 -0.85328636]
 [ 1.98128128 -0.92368575  1.15824012 -0.84948083  0.87881832  1.07941421
   0.35333578 -0.02010377 -0.85524782  0.05283841]
 [-0.66440859  0.25716313  1.12555186 -0.52484951 -0.13576758  1.88478839
   1.3148428  -0.55356956  0.28062648  0.7789447 ]
 [ 0.07345235 -2.32141829 -1.08004232 -0.58842409  0.29950856  1.17262275
   0.62180536  0.35567829  1.19951378  0.63518663]
 [-1.08146925 -0.0142811  -1.05312811 -0.19384394 -0.22454153  0.81691534
  -0.79924529  3.5309964  -0.09058206  0.10227174]
 [ 1.50709391 -0.95811894 -0.63701203 -0.56675831  1.95532523 -0.53564428
   0.13854061  0.52368736  0.41701429  0.46878851]
 [ 0.91985017  0.353892    0.38811923 -1.60752066 -1.41527253  0.61151437
   0.16949572  0.69978938 -0.51734848 -0.12909206]
 [-1.91421711  0.88614262 -0.2254826   1.16908104 -1.49794292  1.13240758
  -1.43764871  0.27016544  1.00437637 -0.80562566]
 [ 0.41219935 -1.42736923 -1.25754096  0.74068973 -0.56579668  0.97076421
   1.15108538 -0.89329317 -0.7372524   0.03548455]
 [ 0.40529035  0.6098378  -0.87062891 -0.79631018 -0.618435   -0.12970914
  -0.12077133  0.62499822  0.45918064  0.05576186]
 [ 0.5552881  -0.07997152 -1.68376524 -0.94273303  0.19061524 -0.30234842
  -0.89049468 -0.23755265  1.05996326  1.17688762]
 [ 0.93585956 -1.90131133 -0.73926378  0.67367963  0.62337572 -1.39612293
  -0.374575   -0.21551985  1.77125792 -0.20610117]] 
 
 The Bias value matrix b1 after training is 
 :- [ -6.01698631  -0.39170375   1.25674805  -3.8755257   -5.40436672
  -7.65776405 -16.93699479  -2.23307613 -12.00395792  -1.975345
 -10.38162088  -2.22445743  -5.89556828  -0.39625126   2.37731905
   2.31032355   4.62640362  -3.72271163  -3.19057551 -13.58026878
  -4.71942953  -0.33030688  -0.18266798  -2.69421338   2.34164665
   0.4934231   -0.2513856    3.47368373  -9.54398412  -2.14450797
 -15.67628155  -2.96727278 -10.55389169  -2.54721757  -5.73305079
  -4.64096999 -14.33700597  -3.7150111   -9.14107936   1.57961482
  -0.83093498   0.78186265   4.09227588   0.68100944  -5.45152716
   0.46878124  -0.3038565  -14.10106034   0.50010892  -4.49639991
   0.28207903  -2.27103508  -5.62568244  -1.95373329  -1.90160288
  -1.12436941  -1.15435238  -4.42589865  -7.33768049   1.80551609
  -3.01931475 -17.20002759  -4.48694068  -9.05313346 -10.06323928
 -14.18316565  -3.76085928  -7.64839367   0.91114689   3.09937991
  -4.21157748 -10.19594838  -7.90255937  -4.16102505  -5.78607174
  -4.53693874 -11.75965809  -8.53155196  -2.02643227   3.86696632
  -0.07750707  -2.90467638  -7.69842133  -1.95503369  -7.58745532
  -4.14835225   0.35591242  -0.83075959  -0.46066332   1.2975639
  -5.99561265  -0.1887844  -12.12586329   1.91030323  -6.8656716
 -14.85568995  -1.84059994   1.94322646  -8.46894603  -8.9649905
  -5.24226129  -2.92792631   0.12953434 -10.76637679  -4.32957334
 -10.62819459   3.84591563  -3.3122819   -0.06892352  -1.15018554
 -13.9968924   -8.75723444 -15.25070877  -2.55766335  -3.82893697
   2.30431533  -0.84903713 -13.3043465  -17.62310335  -1.08448658
  -3.83255022 -16.8542422    0.58351337  -6.53185346  -0.59783112
   0.96411779   2.38468968 -12.42885807] 
 
 The Bias value matrix b2 after training is 
 :- [ 0.08715801  0.96927907  0.23845887  0.0693303   0.15820864  0.60079208
  0.4684247   0.82098719  0.54526734  0.54983541  0.86186945  0.91708404
 -0.07850125  0.93739959 -0.18196223 -0.52926405 -1.41430767  0.66329899
  0.07487482 -0.05006358  0.7016464   1.06097575  0.98468574  0.9711611
  0.80275794  0.83069768  0.88973865  0.60925189  0.73889091  0.66582378
  1.13968312  0.60260759  0.78163693  1.26179733  0.28225715  1.11578308
 -0.14917472  1.35235776  0.2111224   0.40784467  0.86211239  0.41789636
  0.52000712 -0.5010779  -0.01090295  0.1390187   0.72003183  0.11517043
  0.59543756  0.72880743  0.55582055  0.92931979  1.03728991  0.86175551
  1.12786911  0.88625041  1.01688024  0.11979627  0.23059563 -1.0467982
 -0.5529812   0.5427547   0.7411778   0.81183235] 
 
 The Bias value matrix b3 after training is 
 :- [1.05778975 0.95320593 0.99466905 0.83746112 0.6650884  1.09840332
 0.855143   0.77027135 1.07065279 0.87221541 0.80637553 1.08654794
 0.89893858 0.84085645 0.85720528 0.86019047 1.02140222 0.80186298
 0.96974292 0.82230127 1.06859798 0.90735573 1.09215936 0.85329993
 0.78340169 0.86958846 1.0139969  0.91627013 1.09172051 1.01984674
 0.91136266 0.87099934] 
 
 The Bias value matrix b4 after training is 
 :- [0.73321598 1.23826413 0.82913541 1.01140249 1.05083925 1.1038394
 1.37271045 0.91118361 1.022877   0.72653229] 











For the split 80:20


 
 The weight W1 matrix after training is 
 :- [[-2.12034237  1.00541391  0.61300009 ... -2.090381   -0.37495973
   1.16961939]
 [-0.81351847  0.15481938 -0.24847858 ... -2.19172247  1.30547329
  -2.22940752]
 [-0.51272315 -1.55815386 -3.74274879 ... -0.45463283  1.83076157
   0.42505017]
 ...
 [ 0.61343676  0.38479648 -1.88867854 ... -2.18311445 -0.70104076
  -1.11044916]
 [-0.13634793  0.19767711 -2.82779147 ... -2.15879251  0.55486544
   0.35533363]
 [ 0.60197971 -0.26692092 -0.50804715 ... -2.46654994 -2.26081271
  -1.57220631]] 
 
 The weight W2 matrix after training is 
 :- [[ 6.46567423  0.70306265 -0.7270624  ...  0.48640432 -1.61586898
  13.847215  ]
 [ 5.53664039  0.35597223 -1.30470276 ...  1.01931969 -2.41600386
  11.43828052]
 [ 7.93323595  2.00436665 -0.43399314 ... -0.59955589 -0.79929815
  13.59808778]
 ...
 [15.72649405 -0.24977865 -3.25446881 ... -0.31989528 -3.56658952
  19.77048332]
 [ 8.64697618  2.81232515 -1.74241225 ...  1.14085435 -2.67326816
  16.62758954]
 [ 5.78098171  0.04799258 -1.90740805 ... -1.10115819 -0.09899208
  11.74772937]] 
 
 The weight W3 matrix after training is 
 :- [[ 0.68384138 -1.97242354  0.97742687 ...  1.14816453  0.80434572
  -4.05972323]
 [ 1.47202816 -2.33754068 -1.30567589 ... -0.95679652  0.44484789
  -0.19773238]
 [-0.48999775  0.45454612  3.55365876 ... -0.94334519  0.26459115
  -0.0457239 ]
 ...
 [-0.23505182  1.80815081 -1.26899938 ...  0.28349882  0.07091587
   1.66452028]
 [-1.43342569  0.8354681  -2.03708324 ... -1.61440414 -2.41396628
  -0.27170086]
 [ 2.19040133 -0.69199084 -0.56268593 ... -0.27358508  0.54997646
   0.5712828 ]] 
 
 The weight W4 matrix after training is 
 :- [[-2.90383191e-01 -1.57494214e+00  8.93449225e-01 -4.56521879e-01
   1.12727894e-01  1.59700718e+00  4.86300453e-01 -2.09230387e-01
   1.58494093e+00 -9.49169195e-01]
 [ 4.79049162e-01 -1.65696307e+00 -8.46922194e-01  1.16461316e+00
   9.07349879e-01 -1.88139742e+00  1.17826778e-01  7.39415053e-01
   1.64982930e+00 -1.81813874e+00]
 [-1.55355428e+00 -7.95691010e-01 -2.47194406e+00 -3.43367215e-01
   9.71481913e-02 -1.04885415e+00 -1.32207895e+00  8.60299962e-01
   1.54158122e+00  6.25537442e-01]
 [ 9.58885338e-01 -1.10831324e+00  2.57716044e-01 -2.78829809e-02
  -1.49247987e+00 -1.57960305e+00  5.39744773e-01 -1.54575768e+00
   2.94522164e+00 -1.42276919e+00]
 [ 2.40202851e+00 -3.43205412e-01  3.99831698e-01  1.59657242e+00
  -2.02054574e-01 -1.81008785e+00  1.05896046e-01 -3.21790053e-01
  -5.40714275e-01  8.43380206e-02]
 [-6.74804277e-01  8.33647389e-01 -3.70233412e-01 -5.42084813e-02
   9.32681016e-01  1.10649246e-01 -3.29196178e-01 -1.10530753e+00
   1.09218319e+00  8.84633003e-02]
 [ 4.26496362e-01  3.62921092e-01 -2.99211554e-01  1.03890995e+00
   1.93507179e+00  6.53450695e-01  2.90902157e-02 -1.25070543e+00
  -1.09550596e+00 -4.34331946e-02]
 [ 3.41291074e-01 -9.45648292e-01 -6.10139160e-01 -1.01223175e+00
  -1.63630335e+00 -1.64267004e-01 -1.43497886e+00 -1.06346868e+00
  -8.35694585e-01  7.93720006e-01]
 [-4.90512171e-01  1.56688515e+00  6.02887737e-01 -6.16212218e-01
   2.14355577e-01 -2.81487641e+00  1.35808896e+00  2.19944213e-01
   1.38246207e+00 -7.88419052e-01]
 [-2.73652701e-01 -4.61053895e-01 -1.49574140e-01 -6.66120401e-02
  -2.20747428e+00 -9.82882432e-01 -5.39021005e-01  4.95351660e-01
  -7.04895230e-02  9.24342988e-01]
 [-1.18409106e+00 -2.69505895e+00 -4.99921665e-01 -1.02344064e+00
  -8.78105477e-01 -2.37485408e-01  1.03695383e+00  9.93179009e-01
  -4.78010583e-01  8.78308980e-01]
 [-1.26511318e+00 -2.21492946e+00  9.56405380e-01  6.33089043e-01
  -7.66713333e-01 -9.79720502e-01  5.15355311e-01 -7.41531367e-01
  -8.42293759e-02 -1.60642493e+00]
 [ 1.73904698e+00 -3.94229491e-02  2.98126171e-01  2.48527500e+00
   1.76325259e+00 -9.60898582e-01  1.27134133e+00  1.30647440e-01
   1.02227335e+00 -1.81764153e+00]
 [ 2.70547604e-02  4.08355682e-01  1.22828067e+00  1.39935288e+00
   2.84406688e-01 -4.72336769e-01 -1.00966089e+00 -8.77190523e-01
   4.00668422e-01  6.08617803e-01]
 [ 1.84901216e+00 -1.18678587e+00  6.60254432e-01 -9.49955870e-01
  -7.50986944e-01  2.08012275e+00  6.86480770e-01 -5.68210095e-01
   1.33596037e+00 -5.03652200e-01]
 [-4.88454879e-02  1.63295575e+00  1.41268403e+00 -1.53353958e-01
   1.12017006e+00  3.74125713e-02 -1.47638217e-01 -8.75487048e-01
  -1.14940648e+00  1.95532347e+00]
 [ 1.58366177e+00  2.38691712e+00 -3.74855198e-01 -4.81614661e-01
  -1.15136422e+00 -5.39534501e-01  1.01605663e-01  4.63532029e-01
   2.02446974e-01  3.04688121e-01]
 [-5.57110187e-01  3.06483437e-01 -1.43716115e+00 -1.10394971e+00
  -5.62577752e-02  1.76906866e-01 -1.52921020e+00  1.79323389e+00
  -8.83177430e-01  1.85220817e-01]
 [ 3.56344188e-02 -7.46452414e-01 -8.98585438e-01  5.07448133e-01
   1.21636510e-01  1.31107262e-01  6.16508873e-01  4.94606948e-01
  -1.63919544e+00  1.57662068e+00]
 [ 1.54935669e-01  2.89741053e-03  7.22010217e-02 -6.80501176e-01
  -1.18743314e+00 -1.04959140e+00  1.39352715e-01  4.64606758e-01
   3.52426522e-01  1.95969196e+00]
 [-5.77070141e-01  2.12864363e-01 -6.79660227e-01  1.61021284e+00
  -9.73920676e-01 -9.33484080e-02 -9.43628990e-01  5.23014357e-01
   3.69903285e-01 -8.64389164e-01]
 [ 1.78731920e+00 -9.43410283e-01  1.21027472e+00 -9.03080886e-01
   1.01143556e+00  1.02872674e+00  4.20379306e-01 -2.63094127e-02
  -8.29859772e-01  9.99347843e-02]
 [-5.76035646e-01  2.81747916e-01  1.13184861e+00 -4.71606773e-01
  -2.74855024e-01  1.88679234e+00  1.23753957e+00 -5.73074952e-01
   3.55109602e-01  7.65856471e-01]
 [ 8.26623779e-02 -2.31325770e+00 -1.04163694e+00 -5.31397693e-01
   1.75782648e-01  1.24011492e+00  5.64212681e-01  3.26303763e-01
   1.21209315e+00  6.53005806e-01]
 [-1.07295364e+00 -2.21427197e-02 -1.05732701e+00 -1.91370551e-01
  -2.26812255e-01  8.27485916e-01 -7.93750829e-01  3.55120038e+00
  -1.40783065e-01  1.19545967e-01]
 [ 1.50456600e+00 -9.61051439e-01 -5.90514421e-01 -5.48135028e-01
   1.91477523e+00 -5.17504585e-01  4.56480380e-02  4.86304886e-01
   5.13789648e-01  4.65038031e-01]
 [ 1.03338153e+00  3.47673789e-01  3.78535004e-01 -1.62176112e+00
  -1.48841098e+00  5.48270933e-01  1.36773597e-01  7.42706964e-01
  -5.12244910e-01 -9.14976649e-02]
 [-1.93150226e+00  9.30361914e-01 -2.36167072e-01  1.20318556e+00
  -1.54129354e+00  1.17093085e+00 -1.43792419e+00  2.91008742e-01
   9.64120401e-01 -8.31464344e-01]
 [ 4.33612199e-01 -1.39047918e+00 -1.13273444e+00  5.92195365e-01
  -5.62516641e-01  8.52615942e-01  1.13812718e+00 -9.04028924e-01
  -6.33818402e-01  3.59976857e-02]
 [ 3.73782288e-01  6.11315618e-01 -8.72394750e-01 -7.56521424e-01
  -6.38071516e-01 -2.10520035e-01 -1.25203191e-01  6.09125520e-01
   5.20939775e-01  1.06762018e-01]
 [ 5.63308323e-01 -7.43907763e-02 -1.69171616e+00 -9.31781103e-01
   1.57735503e-01 -3.01089572e-01 -8.82387992e-01 -2.27170773e-01
   1.03693406e+00  1.19644717e+00]
 [ 1.00616285e+00 -1.90352324e+00 -7.31182463e-01  7.16456634e-01
   5.86161625e-01 -1.38764826e+00 -4.04009436e-01 -2.07562465e-01
   1.70562290e+00 -2.09199364e-01]] 
 
 The Bias value matrix b1 after training is 
 :- [ -7.35502731  -0.61387916   1.93544923  -5.16928543  -6.4928553
  -8.84995411 -20.60426516  -2.18601567 -13.50026266  -1.7530179
 -11.52927972  -3.36207545  -6.3123115   -0.36296094   2.30262519
   2.45013739   4.8011014   -4.66211377  -3.54597009 -17.12465737
  -5.4975926   -0.5301192   -0.18155068  -4.3304525    2.88064911
  -0.10087829  -0.32405169   3.92459269 -12.11258251  -2.99415337
 -18.39078285  -2.92173552 -11.34002626  -2.61284824  -6.70986758
  -5.36778229 -16.98188948  -4.44785626  -9.18819279   1.70210878
  -1.17571675   1.10858227   4.54863877   0.95510079  -7.38028369
   0.37562957  -0.02305179 -15.93987193   1.23182575  -4.55113685
   0.86767458  -2.46857556  -6.92807831  -2.43333683  -2.33356256
  -1.69350099  -1.22917324  -6.32138743  -8.56125461   1.97529639
  -3.49449226 -20.26215783  -4.32816906 -11.55863544 -11.64413612
 -17.37613356  -3.96530636  -7.8786862    1.33573724   3.68473424
  -4.63312767 -11.54103886  -8.81448556  -4.82582455  -6.25835483
  -5.13267863 -15.04952862  -8.8277882   -1.94949691   4.32085591
   0.49496426  -2.88765425  -7.96505786  -1.94793409  -8.80838547
  -4.69808045   0.18363714  -1.24316623  -0.78394231   1.3198336
 -11.37737448  -0.71365426  -7.92100152   1.85962649  -7.75990718
 -17.1188189   -2.01126476   2.57450617  -9.47669321 -10.63106137
  -5.82768868  -3.34079791   0.09014087 -12.52480793  -4.57810346
 -12.84207179   4.11014676  -6.30198395   0.07554194  -1.18194753
 -16.74663592  -9.70858209 -18.54613029  -2.50134188  -4.74104621
   2.6025189   -1.02629487 -15.44351059 -20.55586456  -0.19340717
  -4.23863673 -19.68376993   1.4784501   -7.46961352  -0.57512095
   0.62233029   2.59663976 -14.62499006] 
 
 The Bias value matrix b2 after training is 
 :- [-0.05884368  0.97337344  0.16825987  0.05315357  0.12796839  0.54269718
  0.43469156  0.81793275  0.52252713  0.53073813  0.89681994  0.93008817
 -0.2076573   0.93218541 -0.31269018 -0.61154025 -1.69504262  0.63668321
  0.01972166 -0.09213235  0.73901935  1.09111382  0.99957962  0.94363555
  0.84262378  0.84153904  0.90786126  0.55049576  0.71502209  0.63999346
  1.14838814  0.68127177  0.75440338  1.27708624  0.32499647  1.11499219
 -0.27091438  1.33042339  0.1007943   0.41095326  0.864826    0.43166208
  0.48711213 -0.71172946  0.00471367  0.02970442  0.67887968 -0.0101078
  0.5508236   0.70670316  0.58358739  0.93077956  1.10931939  0.86395652
  1.16266189  0.9313509   0.97640752  0.07601553  0.08107272 -1.16994997
 -0.69683336  0.53243118  0.73577832  0.82185494] 
 
 The Bias value matrix b3 after training is 
 :- [1.08508177 0.98412767 1.00652074 0.87275171 0.67443743 1.10207799
 0.83286275 0.75490739 1.07634892 0.88634658 0.80046721 1.11914275
 0.90524847 0.84247703 0.86255405 0.85795952 1.02311169 0.78233574
 0.97190594 0.82728326 1.0836439  0.88980718 1.1025744  0.8505347
 0.77096217 0.85857284 0.99252389 0.93119    1.11780745 1.01990584
 0.89930963 0.87569786] 
 
 The Bias value matrix b4 after training is 
 :- [0.71247841 1.24127184 0.84026375 1.03330969 1.02717539 1.09456927
 1.38297424 0.90468614 1.05121672 0.71205457] 












For the split 90:10



 
 The weight W1 matrix after training is 
 :- [[-2.10055858  1.03479283  0.62655735 ... -2.10449051 -0.37419562
   1.15761107]
 [-0.66919359  0.19797379 -0.34663086 ... -2.39282954  1.33281037
  -2.2906196 ]
 [-0.66866321 -1.55154354 -3.98183607 ... -0.42557727  1.91428111
   0.43228091]
 ...
 [ 0.68550262  0.4723591  -1.94837126 ... -2.36446923 -0.67327746
  -1.17228596]
 [-0.18799939  0.1734793  -2.89181924 ... -2.18356352  0.52573613
   0.33260614]
 [ 0.91154125 -0.2728421  -0.38370499 ... -2.62951941 -2.21671421
  -1.81829744]] 
 
 The weight W2 matrix after training is 
 :- [[ 7.24116735  0.65892771 -1.26277698 ...  0.97680587 -1.73968394
  15.32299192]
 [ 6.31401456  0.31543845 -1.83859813 ...  1.51321529 -2.53999698
  12.92211479]
 [ 8.7436295   1.95519985 -0.97551285 ... -0.10321807 -0.95596242
  15.05046649]
 ...
 [17.70669746 -0.7711164  -4.06687329 ...  0.34184514 -3.88983561
  21.54098444]
 [ 9.87273805  2.54047084 -2.3595933  ...  1.6747142  -2.87076469
  18.24517063]
 [ 6.66229803 -0.07099569 -2.42276167 ... -0.6204696  -0.23526113
  13.31478553]] 
 
 The weight W3 matrix after training is 
 :- [[ 0.69559602 -2.10142603  0.94114357 ...  1.17735833  0.79454383
  -4.17209584]
 [ 1.5256434  -2.37402098 -1.3557293  ... -0.96898411  0.40634726
  -0.2363427 ]
 [-0.47607528  0.47462889  3.57602946 ... -0.99119059  0.249486
  -0.01130998]
 ...
 [-0.15378298  1.84357905 -1.26000156 ...  0.22622556 -0.01425264
   1.65304775]
 [-1.455173    0.85711407 -2.07025815 ... -1.63815206 -2.43936405
  -0.2722801 ]
 [ 2.15000552 -0.68621687 -0.58677325 ... -0.2755603   0.52898468
   0.5729801 ]] 
 
 The weight W4 matrix after training is 
 :- [[-0.26987994 -1.56617515  0.88101801 -0.45252374  0.05770851  1.51395083
   0.55116024 -0.19404105  1.56758565 -0.89462448]
 [ 0.4791101  -1.63939483 -0.78048688  1.03237229  0.88511314 -1.87866811
   0.25080218  0.73884303  1.58650539 -1.8195344 ]
 [-1.55509204 -0.81361741 -2.46281197 -0.3520207   0.08812303 -1.058416
  -1.31588742  0.91391532  1.50907339  0.63581094]
 [ 0.98990917 -1.09632955  0.30057944 -0.06736348 -1.56691194 -1.56310168
   0.50164898 -1.54500778  2.99316943 -1.4218308 ]
 [ 2.39858088 -0.40701284  0.36454441  1.64109947 -0.22744823 -1.80759554
   0.10996569 -0.32446815 -0.4655528   0.08870163]
 [-0.62697668  0.86260508 -0.37743508 -0.07849758  0.91724737  0.07360055
  -0.36462506 -1.06412995  1.08272819  0.09935741]
 [ 0.39226177  0.38274024 -0.32250385  1.05732806  1.94856337  0.72048761
   0.05009395 -1.36588165 -0.99715898 -0.10884656]
 [ 0.34461075 -0.95337366 -0.60705707 -1.00477636 -1.64460246 -0.11802977
  -1.43668903 -1.10077424 -0.86623126  0.8192025 ]
 [-0.47735536  1.59420972  0.57471547 -0.62453761  0.22503771 -2.80208456
   1.38947663  0.12492154  1.46186419 -0.83164389]
 [-0.24461173 -0.44016886 -0.11434075 -0.09663926 -2.20128387 -0.95320611
  -0.56430075  0.47240768 -0.04043576  0.85151403]
 [-1.14506403 -2.68951899 -0.58768677 -1.01613991 -0.90811105 -0.25056647
   1.10425525  1.0302822  -0.51168183  0.88655964]
 [-1.22277562 -2.20924614  1.04493754  0.59146747 -0.82839397 -0.93572031
   0.49465321 -0.75626684 -0.11561985 -1.6168479 ]
 [ 1.7289033  -0.05185744  0.39619926  2.46778631  1.72784985 -1.00762075
   1.31707717  0.10916483  1.03734341 -1.83284614]
 [-0.01127073  0.52208338  1.16301078  1.37729889  0.23360849 -0.51069926
  -0.94765294 -0.88216484  0.4475826   0.60575235]
 [ 1.84472408 -1.18698214  0.69817983 -0.91183623 -0.76053676  2.00280898
   0.64791734 -0.58989487  1.38430195 -0.47644267]
 [-0.04681348  1.62992289  1.39172963 -0.15756931  1.121608    0.06738056
  -0.13662917 -0.86157863 -1.15709938  1.93286359]
 [ 1.55391378  2.39979723 -0.28966717 -0.4648092  -1.16400555 -0.51587339
   0.09123204  0.46164412  0.14374005  0.27951117]
 [-0.58890653  0.24862359 -1.40803138 -1.07937476 -0.07134018  0.15955708
  -1.51236947  1.78421223 -0.87818365  0.24079163]
 [ 0.01396718 -0.784591   -0.82304138  0.45049278  0.1739722   0.13762992
   0.60171698  0.50913403 -1.6428766   1.56292542]
 [ 0.20827561 -0.02684216  0.10986826 -0.72340698 -1.19061976 -0.97614623
   0.17372282  0.33574162  0.34317808  1.9748151 ]
 [-0.60673573  0.24981977 -0.66736122  1.61809114 -0.94249156 -0.17677859
  -0.98264466  0.58994481  0.3551559  -0.85302262]
 [ 1.7077596  -0.92461792  1.11378574 -0.87979467  1.06135325  1.00796263
   0.61063815 -0.08419812 -0.90029172  0.142813  ]
 [-0.5478136   0.26812418  1.26502288 -0.47991562 -0.36323004  1.90782208
   1.15878318 -0.6097179   0.4094338   0.75481315]
 [ 0.13063979 -2.31117271 -1.02749058 -0.54168929  0.1341847   1.33241532
   0.48658572  0.15703462  1.27381123  0.73356421]
 [-1.07905637 -0.05437895 -1.03321653 -0.19163208 -0.22878231  0.78554869
  -0.79735585  3.57780763 -0.16673393  0.18089191]
 [ 1.4880197  -0.97277674 -0.53297016 -0.56075464  1.83611902 -0.44160124
   0.03308891  0.44655817  0.59299085  0.4242425 ]
 [ 1.09058967  0.28907981  0.38013199 -1.59241618 -1.50507824  0.54122176
   0.10040562  0.75054277 -0.52122231 -0.05982774]
 [-1.94694442  0.94787238 -0.21837373  1.20948198 -1.58160775  1.16613668
  -1.41446815  0.32026812  0.93676859 -0.83787763]
 [ 0.46372657 -1.33941146 -1.03196379  0.46476352 -0.53771238  0.81349322
   1.08519587 -0.91832997 -0.58301414  0.01222336]
 [ 0.33590721  0.58462197 -0.85222355 -0.69853265 -0.65169584 -0.27302794
  -0.13049792  0.57669277  0.59177396  0.13619631]
 [ 0.56548139 -0.08200746 -1.6865646  -0.92020497  0.14377265 -0.26068033
  -0.88088384 -0.19154883  1.01323049  1.14529417]
 [ 1.04097339 -1.89778142 -0.71816994  0.75128876  0.48247278 -1.37988594
  -0.40433715 -0.20790704  1.71142531 -0.20679996]] 
 
 The Bias value matrix b1 after training is 
 :- [-8.31293614e+00 -5.58981335e-01  2.59724540e+00 -6.37750683e+00
 -7.43485998e+00 -1.02383958e+01 -2.39051969e+01 -2.50176801e+00
 -1.57090839e+01 -1.66821799e+00 -1.22464586e+01 -4.23109268e+00
 -6.63233870e+00 -1.68500084e-01  2.43654546e+00  2.75311008e+00
  5.12516103e+00 -5.03727276e+00 -3.71953869e+00 -2.12507731e+01
 -6.45983762e+00 -7.93143852e-01 -1.83929090e-01 -6.08648200e+00
  3.57819437e+00 -8.97689105e-01 -4.67315163e-01  4.49650731e+00
 -1.51612090e+01 -3.31241602e+00 -2.17904875e+01 -3.46539573e+00
 -1.27531198e+01 -3.42096526e+00 -7.66557553e+00 -5.87980036e+00
 -2.00895993e+01 -5.48864999e+00 -9.15064768e+00  1.70857455e+00
 -1.39380734e+00  1.26910165e+00  4.99312505e+00  1.11255096e+00
 -9.35654070e+00  2.86782116e-01  2.58529064e-01 -1.92980476e+01
  1.71061049e+00 -4.72491512e+00  1.76756019e+00 -2.91211680e+00
 -8.45320010e+00 -2.92018640e+00 -2.52304663e+00 -1.84343749e+00
 -1.25235205e+00 -8.65791956e+00 -9.99477545e+00  2.25328294e+00
 -3.73568675e+00 -2.37511141e+01 -4.69132411e+00 -1.43949471e+01
 -1.33456927e+01 -2.04246304e+01 -4.04933160e+00 -8.06260917e+00
  1.76930115e+00  4.38395335e+00 -5.75954168e+00 -1.19301217e+01
 -9.90640988e+00 -6.21944531e+00 -6.64500167e+00 -6.23866148e+00
 -1.82609640e+01 -9.10528067e+00 -1.82322925e+00  4.81531883e+00
  9.72670764e-01 -2.62042410e+00 -7.88932948e+00 -1.80266791e+00
 -1.10769647e+01 -4.39402387e+00  9.18148772e-02 -1.27873798e+00
 -8.01414955e-01  1.02570554e+00 -1.54680446e+01 -5.26509138e-01
 -7.86779807e+00  1.87034770e+00 -8.83638718e+00 -1.89296007e+01
 -2.16973895e+00  3.23217322e+00 -1.00484392e+01 -1.20308020e+01
 -6.43544519e+00 -3.61760449e+00 -1.23132917e-02 -1.43520714e+01
 -4.67825124e+00 -1.50057929e+01  4.47063667e+00 -7.75388690e+00
  2.01169404e-01 -1.21729585e+00 -1.92648757e+01 -9.74654664e+00
 -2.10302249e+01 -2.26161497e+00 -6.18887153e+00  3.25349362e+00
 -1.11811248e+00 -1.76517668e+01 -2.33102963e+01  7.05279432e-01
 -4.77662435e+00 -2.31074949e+01  2.39005759e+00 -9.34837001e+00
 -6.23756832e-01  1.51997826e-02  2.74946833e+00 -1.64461033e+01] 
 
 The Bias value matrix b2 after training is 
 :- [-0.18609771  0.99438329  0.0843099  -0.02599385  0.08435081  0.47588077
  0.42932898  0.82563015  0.52090997  0.52020418  0.91068954  0.93427886
 -0.35518117  0.9174988  -0.39306499 -0.72258485 -2.04462873  0.65289039
 -0.06066018 -0.12506448  0.77635168  1.11483265  1.00961674  0.91737716
  0.85755102  0.85489848  0.85481941  0.5589552   0.70218759  0.60641331
  1.10855562  0.72901027  0.75391746  1.27767959  0.29713738  1.11176433
 -0.35734284  1.31876246  0.01879013  0.36496235  0.85405677  0.43854007
  0.43437848 -0.95216677  0.00423809 -0.04878348  0.64601089 -0.1002673
  0.5259986   0.67886273  0.57346647  0.95657898  1.17564873  0.87027507
  1.1722311   0.93782818  0.96831068  0.09985475 -0.11911459 -1.28787827
 -0.87561507  0.50366456  0.72904473  0.83967232] 
 
 The Bias value matrix b3 after training is 
 :- [1.1114355  1.00711781 1.00206589 0.88617498 0.66992437 1.10726311
 0.82488005 0.74098746 1.08459519 0.89214967 0.79633355 1.14072865
 0.91760419 0.84654864 0.87347858 0.84924392 1.01473803 0.76719469
 0.97558098 0.82304233 1.08613562 0.88477578 1.10571079 0.84990102
 0.75645461 0.86266713 0.98799757 0.93505939 1.14784487 1.02194251
 0.89243276 0.88063832] 
 
 The Bias value matrix b4 after training is 
 :- [0.69631519 1.23568162 0.83795896 1.04575988 1.0206309  1.09619084
 1.40822512 0.89597277 1.06399709 0.69926763] 